name: gait
channels:
  - conda-forge
  - defaults
dependencies:
  - ca-certificates=2021.5.30=h5b45459_0
  - certifi=2021.5.30=py38haa244fe_0
  - cudatoolkit=11.2.2=h933977f_8
  - cudnn=8.2.1.32=h754d62a_0
  - cycler=0.10.0=py_2
  - freetype=2.10.4=h546665d_1
  - icu=68.1=h0e60522_0
  - intel-openmp=2021.3.0=h57928b3_3372
  - jbig=2.1=h8d14728_2003
  - jpeg=9d=h8ffe710_0
  - kiwisolver=1.3.1=py38hbd9d945_1
  - lcms2=2.12=h2a16943_0
  - lerc=2.2.1=h0e60522_0
  - libblas=3.9.0=9_mkl
  - libcblas=3.9.0=9_mkl
  - libclang=11.1.0=default_h5c34c98_1
  - libdeflate=1.7=h8ffe710_5
  - liblapack=3.9.0=9_mkl
  - libpng=1.6.37=h1d00b33_2
  - libtiff=4.3.0=h0c97f57_1
  - lz4-c=1.9.3=h8ffe710_0
  - m2w64-gcc-libgfortran=5.3.0=6
  - m2w64-gcc-libs=5.3.0=7
  - m2w64-gcc-libs-core=5.3.0=7
  - m2w64-gmp=6.1.0=2
  - m2w64-libwinpthread-git=5.0.0.4634.697f757=2
  - matplotlib=3.4.2=py38haa244fe_0
  - matplotlib-base=3.4.2=py38heae8d8c_0
  - mkl=2021.2.0=hb70f87d_389
  - msys2-conda-epoch=20160418=1
  - olefile=0.46=pyh9f0ad1d_1
  - openjpeg=2.4.0=hb211442_1
  - openssl=1.1.1k=h8ffe710_0
  - pillow=8.3.0=py38h794f750_0
  - pip=21.1.3=pyhd8ed1ab_0
  - pyparsing=2.4.7=pyh9f0ad1d_0
  - pyqt=5.12.3=py38haa244fe_7
  - pyqt-impl=5.12.3=py38h885f38d_7
  - pyqt5-sip=4.19.18=py38h885f38d_7
  - pyqtchart=5.12=py38h885f38d_7
  - pyqtwebengine=5.12.1=py38h885f38d_7
  - python=3.8.10=h7840368_1_cpython
  - python-dateutil=2.8.1=py_0
  - python_abi=3.8=2_cp38
  - pyyaml=5.4.1=py38h294d835_0
  - qt=5.12.9=h5909a2a_4
  - scipy=1.7.0=py38he847743_0
  - setuptools=49.6.0=py38haa244fe_3
  - sqlite=3.36.0=h8ffe710_0
  - tbb=2021.3.0=h2d74725_0
  - tk=8.6.10=h8ffe710_1
  - tornado=6.1=py38h294d835_1
  - ucrt=10.0.20348.0=h57928b3_0
  - vc=14.2=hb210afc_5
  - vs2015_runtime=14.29.30037=h902a5da_5
  - wheel=0.36.2=pyhd3deb0d_0
  - wincertstore=0.2=py38haa244fe_1006
  - xz=5.2.5=h62dcd97_1
  - yaml=0.2.5=he774522_0
  - zlib=1.2.11=h62dcd97_1010
  - zstd=1.5.0=h6255e5f_0
  - pip:
    - absl-py==0.13.0
    - astunparse==1.6.3
    - cachetools==4.2.2
    - chardet==4.0.0
    - flatbuffers==1.12
    - gast==0.4.0
    - google-auth==1.32.1
    - google-auth-oauthlib==0.4.4
    - google-pasta==0.2.0
    - grpcio==1.34.1
    - h5py==3.1.0
    - idna==2.10
    - keras-nightly==2.5.0.dev2021032900
    - keras-preprocessing==1.1.2
    - markdown==3.3.4
    - numpy==1.19.5
    - oauthlib==3.1.1
    - opt-einsum==3.3.0
    - protobuf==3.17.3
    - pyasn1==0.4.8
    - pyasn1-modules==0.2.8
    - requests==2.25.1
    - requests-oauthlib==1.3.0
    - rsa==4.7.2
    - six==1.15.0
    - tensorboard==2.5.0
    - tensorboard-data-server==0.6.1
    - tensorboard-plugin-wit==1.8.0
    - tensorflow-estimator==2.5.0
    - tensorflow-gpu==2.5.0
    - termcolor==1.1.0
    - typing-extensions==3.7.4.3
    - urllib3==1.26.6
    - werkzeug==2.0.1
    - wrapt==1.12.1
prefix: C:\Users\sande\miniconda3\envs\gait
